starting_state, 0

state_table, 20
-1    +    -    *    /    >    =    <    !    \    .    E    |    "    &    []{}();,    number    char    bfnrt'    whiteSpace
 0    12   18   25   7    8    9    10   11  -1   -1   -1    13   15   29   14          1         6      -1         0
 1   -1   -1   -1   -1   -1   -1   -1   -1   -1    2    3   -1   -1   -1   -1           1        -1      -1        -1
 2   -1   -1   -1   -1   -1   -1   -1   -1   -1   -1   -1   -1   -1   -1   -1           4        -1      -1        -1
 3    5    5   -1   -1   -1   -1   -1   -1   -1   -1   -1   -1   -1   -1   -1           5        -1      -1        -1
 4   -1   -1   -1   -1   -1   -1   -1   -1   -1   -1    3   -1   -1   -1   -1           4        -1      -1        -1
 5   -1   -1   -1   -1   -1   -1   -1   -1   -1   -1   -1   -1   -1   -1   -1           5        -1      -1        -1
 6   -1   -1   -1   -1   -1   -1   -1   -1   -1   -1   -1   -1   -1   -1   -1           6         6      -1        -1
 7   -1   -1    17   16  -1   -1   -1   -1   -1   -1   -1   -1   -1   -1   -1          -1        -1      -1        -1
 8   -1   -1   -1   -1   -1    8   -1   -1   -1   -1   -1   -1   -1   -1   -1          -1        -1      -1        -1
 9   -1   -1   -1   -1   -1    22  -1   -1   -1   -1   -1   -1   -1   -1   -1          -1        -1      -1        -1
 10  -1   -1   -1   -1   -1    23  -1   -1   -1   -1   -1   -1   -1   -1   -1          -1        -1      -1        -1
 11  -1   -1   -1   -1   -1    24  -1   -1   -1   -1   -1   -1   -1   -1   -1          -1        -1      -1        -1
 13  -1   -1   -1   -1   -1   -1   -1   -1   -1   -1   -1    26  -1   -1   -1          -1        -1      -1        -1
 15   15   15   15   15   15   15   15   15   27   15   15   15   28   15   15          15        15      15        15
 16   16   16   16   16   16   16   16   16   16   16   16   16   16   16   16          16        16      31        16
 17   17   17   19   17   17   17   17   17   17   17   17   17   17   17   17          17        17      17        17
 19   17   17   17   20   17   17   17   17   17   17   17   17   17   17   17          17        17      17        17
 27  -1   -1   -1   -1   -1   -1   -1   -1    15  -1   -1   -1    15  -1   -1          -1        -1       15       -1
 29  -1   -1   -1   -1   -1   -1   -1   -1   -1   -1   -1   -1   -1    30  -1          -1        -1      -1        -1

 state_and_token, 20
 1,int_literal
 4,float_literal
 5,float_literal
 6,identifier
 7,divide_operator
 9,op_assign
 12,plus_operator
 14,separator
 16,comment_in_line
 18,minus_operator
 20,comment_multiple_lines
 21,op_greater_equal
 22,op_equal
 23,op_less_equal
 24,op_different
 25,multiply_operator
 26,op_or
 28,String_literal
 30,op_and
 31,comment_in_line